"","Id","LotFrontage","LotArea","LotShape","Utilities","LandSlope","OverallQual","OverallCond","YearBuilt","YearRemodAdd","MasVnrArea","ExterQual","ExterCond","BsmtQual","BsmtCond","BsmtExposure","BsmtFinType1","BsmtFinSF1","BsmtFinSF2","BsmtUnfSF","TotalBsmtSF","HeatingQC","Electrical","X1stFlrSF","X2ndFlrSF","LowQualFinSF","GrLivArea","BsmtFullBath","BsmtHalfBath","FullBath","HalfBath","BedroomAbvGr","KitchenAbvGr","KitchenQual","TotRmsAbvGrd","Functional","Fireplaces","FireplaceQu","GarageYrBlt","GarageFinish","GarageCars","GarageArea","GarageQual","GarageCond","PavedDrive","WoodDeckSF","OpenPorchSF","EnclosedPorch","X3SsnPorch","ScreenPorch","PoolArea","PoolQC","Fence","MiscVal","MoSold","YrSold","SalePrice"
"Id",1,NA,-0.0332255185856849,-0.0240712089761084,0.0133240888382612,0.00584691726880649,-0.0283647539375372,0.0126089247759517,-0.0127127153878466,-0.0219976418575054,NA,-0.00503883063934202,-0.0298596703487989,0.0284245165004035,-0.0100854201622057,-0.017319964191731,0.0106015360871458,-0.00502404904166103,-0.00596767196028162,-0.00793970335771727,-0.015414566107911,0.0150012676530366,-0.0495253120819163,0.010496040954083,0.00558984888615865,-0.0442299580865914,0.00827275766181023,0.0022885556008339,-0.0201547452155342,0.00558745290735738,0.00678381128429781,0.0377185542232109,0.00295123635772464,-0.0149731346314151,0.0272387244094558,0.00270135295034712,-0.0197716324423927,-0.00175999615136945,NA,-0.0138208557707,0.0165696771121461,0.0176337784537669,-0.0139123964379132,-0.00860742451623077,-0.00597116404555337,-0.0296431971564025,-0.000476911324791092,0.00288921786575011,-0.0466347888674276,0.00133020863017279,0.0570439047892524,-0.0440120386049877,0.00663236170815473,-0.00624240484830241,0.0211721765503935,0.00071179401704765,-0.0219167194434311
"LotFrontage",NA,1,NA,NA,NA,NA,NA,NA,NA,NA,NA,NA,NA,NA,NA,NA,NA,NA,NA,NA,NA,NA,NA,NA,NA,NA,NA,NA,NA,NA,NA,NA,NA,NA,NA,NA,NA,NA,NA,NA,NA,NA,NA,NA,NA,NA,NA,NA,NA,NA,NA,NA,NA,NA,NA,NA,NA
"LotArea",-0.0332255185856849,NA,1,0.315484037010578,0.0101231839471361,0.436868011533352,0.105805741754964,-0.0056362702740992,0.0142276517570247,0.0137884270781548,NA,-0.0555700534286412,-0.0147319716204696,-0.0723355375194995,-0.0313491868209727,-0.2288299588753,-0.0295437940455306,0.214103130705577,0.111169745496249,-0.00261835995009541,0.260833134545157,-0.00358110941623877,-0.0480152260278535,0.299474578507763,0.0509859482934938,0.00477896986634955,0.263116167167148,0.158154531060015,0.0480455708882968,0.126030626519644,0.0142594685664319,0.119689908151316,-0.0177838705048418,-0.0678635185128285,0.190014777625409,0.0251278678497352,0.271364009624543,-0.185332150761069,NA,-0.124756099788713,0.154870739753541,0.180402755151117,-0.0793131143641616,-0.0760971750740834,-0.0151339065550509,0.171697687257113,0.0847738088402163,-0.0183397336722123,0.0204228295861334,0.0431603776952519,0.0776723918801745,-0.0913809501727507,0.0414229116012141,0.0380676920191834,0.00120498822258771,-0.0142614072985319,0.263843353871406
"LotShape",-0.0240712089761084,NA,0.315484037010578,1,0.0266157134484536,0.14424843659362,0.198993768164875,-0.0337466422752415,0.229364958500172,0.175488036380562,NA,-0.188667599072125,-0.0140732007614217,-0.21155682102106,-0.108252205210035,-0.183539928800914,-0.107629105668608,0.157718009246914,0.0604194516297932,0.0141788984367829,0.200469168453925,-0.119555858860398,-0.0902525658206509,0.189251413035684,0.0893797039644242,-0.00797251258430183,0.212741357158255,0.0646383827841679,0.0577290295715439,0.184212648701059,0.116575936211453,0.0600275636384579,-0.0948696210341563,-0.157933348050445,0.137148448004778,-0.0234437960588003,0.202019361512649,-0.193111669410482,NA,-0.236526889181598,0.194983792997734,0.173472020763441,-0.109218371746714,-0.102863574219796,-0.103643290719213,0.161716798180161,0.0931347842743645,-0.0950919478889925,0.0338009658426984,0.0651821724040796,0.0471002417423013,-0.0533209309621955,0.0617506905085704,0.028637678487283,0.0266169431216566,-0.0373913608081136,0.267759313917823
"Utilities",0.0133240888382612,NA,0.0101231839471361,0.0266157134484536,1,-0.00590928525142612,-0.00188068121531689,0.00999408667484902,-0.0115046025184259,-0.0340797747466612,NA,0.0180539436472615,0.00623382054031213,0.014612526091371,-0.00308622876078699,0.0154608174037804,-0.0363379802119041,-0.0191001595880785,0.0499126174629669,-0.0126386044645226,-0.0142333828554742,0.00396331679858117,0.0601089783415901,0.0122870149462196,-0.0208175032786545,-0.0031479479838519,-0.00854548695398779,-0.0214668011311253,0.103380474269687,-0.0268619168132968,-0.0199393536986259,0.0042877640534885,-0.00553588932317769,-0.0192684521052468,0.00776931046961981,-0.00620583879088424,0.0157210555355542,-0.031450176427292,NA,-0.0083377166498055,0.00816100214380151,0.00637195653883149,-0.00687339307902675,-0.00695392408198547,-0.00758556524894003,-0.0196920863969202,0.0281985760737163,-0.00940718463314249,-0.00304578152988887,0.102365482668061,-0.0017983611799122,0.00167019274635671,0.0123012029400125,-0.00229568124027091,-0.051551659624072,0.0233525382658035,-0.0143142961472488
"LandSlope",0.00584691726880649,NA,0.436868011533352,0.14424843659362,-0.00590928525142612,1,-0.0664496299613695,0.0103545199730405,-0.0736391667740433,-0.0591045007532938,NA,0.0865248310763976,0.0396098132032756,0.00708507554128853,-0.026608375497924,-0.261882558540753,-0.0259694419765644,0.113834194499089,0.0855183846962381,-0.116456493668159,0.0324980011369139,0.0574441109933845,-0.000223588378125153,0.0683229050049738,-0.00925541102284888,0.0138878067467389,0.0438604672798931,0.116164527784252,0.0702991415600235,-0.0469357608298134,0.000780656721696484,-0.0481964028438332,-0.036467400630927,0.039473535343875,-0.0337681608701452,0.0951404152386615,0.123994738383946,-0.051921787240796,NA,0.0253828807495849,-0.00268346191784565,0.00482552765867591,0.00595491348378643,0.0158947677513276,0.0245378588273421,0.0951559366592287,-0.0326215878763269,-0.00884297441876651,0.00869424453922175,0.0529760429930053,-0.0155048355987038,0.0143998125847404,0.0421963338005278,-0.0035184096302021,0.00707168665805575,-0.00230463241571418,0.0511522481794665
"OverallQual",-0.0283647539375372,NA,0.105805741754964,0.198993768164875,-0.00188068121531689,-0.0664496299613695,1,-0.0919323426390718,0.572322768962362,0.550683924194172,NA,-0.726278490764143,-0.0139528611503739,-0.629379114364113,-0.268758559074477,-0.296516841233198,-0.331757630283972,0.239665966178891,-0.0591186926706898,0.308158926905643,0.537808498612391,-0.457082548286609,-0.246728726506297,0.476223829078177,0.295492879199709,-0.030429283979605,0.593007430028651,0.111097786142302,-0.0401501576699883,0.550599709368254,0.27345809864277,0.101676356241785,-0.183882234549221,-0.673330781187787,0.427452343277989,-0.145435655553085,0.396765037952089,-0.490787817978074,NA,-0.556863446059058,0.600670716590715,0.562021756612608,-0.292399241366052,-0.286955038294163,-0.229392989461946,0.238923392249186,0.308818823359452,-0.113936858595682,0.0303705671352646,0.0648863604935154,0.0651658436058918,-0.0852778868876667,0.152252624623495,-0.0314062105007464,0.0708151717851732,-0.0273467083278073,0.790981600583805
"OverallCond",0.0126089247759517,NA,-0.0056362702740992,-0.0337466422752415,0.00999408667484902,0.0103545199730405,-0.0919323426390718,1,-0.37598319560699,0.0737414981452899,NA,0.138942254908105,-0.389163113899746,0.164996455654605,-0.132360804422872,0.0567315016976151,0.11573329977957,-0.046230855918225,0.0402291698997676,-0.136840569893523,-0.171097514624922,0.0141047047857786,-0.0899782158234518,-0.144202784049059,0.0289421159658168,0.0254943199142137,-0.0796858653883382,-0.0549415154329519,0.117820915081393,-0.194149488749303,-0.0607693267615947,0.0129800600945506,-0.0870008554363804,0.0267066896736355,-0.0575831661128655,-0.118909031790381,-0.0238199777616622,0.0568987678396101,NA,0.171245002116997,-0.185757510578364,-0.15152137057023,-0.0190596230247241,-0.0167061861314389,0.0622360873921164,-0.00333369928938555,-0.0325888135215851,0.0703561844823037,0.0255036600241323,0.0548105287861151,-0.00198494226818438,0.0148851152876458,-0.169652573870881,0.06877680605725,-0.00351083859993994,0.0439497456924809,-0.077855894048678
"YearBuilt",-0.0127127153878466,NA,0.0142276517570247,0.229364958500172,-0.0115046025184259,-0.0736391667740433,0.572322768962362,-0.37598319560699,1,0.59285497634365,NA,-0.598160478063751,0.103924944379933,-0.602797005129999,-0.183114614506478,-0.289622886413225,-0.369042351096012,0.249503196684798,-0.0491068311962394,0.1490403919544,0.391452002066095,-0.448855173796603,-0.317941404905336,0.281985858699801,0.0103076595843637,-0.183784344373722,0.199009713676458,0.187598549997143,-0.0381618056712331,0.468270787172674,0.242655910241065,-0.0706512169047304,-0.174800245614977,-0.530165341082032,0.0955891282979523,-0.148791619526708,0.147716399412456,-0.224545144903118,NA,-0.595781439048724,0.537850091711105,0.478953819893492,-0.28705428902749,-0.291095853833812,-0.42756064098547,0.224880142303997,0.188685840001731,-0.387267782928079,0.0313545130643638,-0.0503644345386119,0.00494972761594343,-0.000768638382875333,0.212545017650567,-0.0343831387367225,0.0123984705954423,-0.0136176800018421,0.522897332879497
"YearRemodAdd",-0.0219976418575054,NA,0.0137884270781548,0.175488036380562,-0.0340797747466612,-0.0591045007532938,0.550683924194172,0.0737414981452899,0.59285497634365,1,NA,-0.587318393685759,-0.074745032729662,-0.515013297998041,-0.188026740509277,-0.221404535903568,-0.27250550294261,0.128450547128289,-0.0677585135659862,0.181133087050169,0.291065582604166,-0.550017286577462,-0.335918205723612,0.240379267603555,0.140023778804865,-0.0624191000783331,0.287388519650333,0.119469879111241,-0.0123370321277997,0.439046483872349,0.183330611718534,-0.0405809280677491,-0.149597521042746,-0.62531605342323,0.191739816292808,-0.072542667746467,0.112581318439476,-0.196103290284384,NA,-0.444541232154207,0.420622154943218,0.371599809497309,-0.14892458350232,-0.144087571098502,-0.168457024311123,0.205725920490103,0.226297632682989,-0.193919147099207,0.0452858098149757,-0.03874001074261,0.00582937203710778,-0.0100137988968501,0.141096154828697,-0.0102862487830816,0.0214900022268769,0.0357432471212826,0.507100967111386
"MasVnrArea",NA,NA,NA,NA,NA,NA,NA,NA,NA,NA,1,NA,NA,NA,NA,NA,NA,NA,NA,NA,NA,NA,NA,NA,NA,NA,NA,NA,NA,NA,NA,NA,NA,NA,NA,NA,NA,NA,NA,NA,NA,NA,NA,NA,NA,NA,NA,NA,NA,NA,NA,NA,NA,NA,NA,NA,NA
"ExterQual",-0.00503883063934202,NA,-0.0555700534286412,-0.188667599072125,0.0180539436472615,0.0865248310763976,-0.726278490764143,0.138942254908105,-0.598160478063751,-0.587318393685759,NA,1,0.00918397953341577,0.565558093996355,0.185045834352531,0.249100625117382,0.315855239095401,-0.203777499938238,0.0762362478234608,-0.284704712286623,-0.470579556442923,0.520026654079939,0.217789807231722,-0.397835374861064,-0.179530323730289,0.0630615673258409,-0.435986058844899,-0.124549808793754,0.0562613370010994,-0.483949416044538,-0.193891671150584,0.0187285909808799,0.151235872120909,0.716122195503301,-0.297902775187596,0.0883920513633819,-0.249334611387108,0.361798001249156,NA,0.519054175445095,-0.526390181114875,-0.495777619844058,0.219022725217114,0.214680045000387,0.211825988571334,-0.207932087180418,-0.291553114501128,0.149588805822659,-0.0369340414025095,-0.0126882329502043,-0.0347661723937441,0.0554352301007633,-0.233852498414305,0.0393098182698568,-0.0427896750470022,0.00674481327759006,-0.68263924165626
"ExterCond",-0.0298596703487989,NA,-0.0147319716204696,-0.0140732007614217,0.00623382054031213,0.0396098132032756,-0.0139528611503739,-0.389163113899746,0.103924944379933,-0.074745032729662,NA,0.00918397953341577,1,-0.0192973956692879,0.144756315873764,0.00571293421603763,-0.000139551329493541,-0.0409188089584797,-0.0604289117815006,0.0701282003243842,0.00587181295353065,0.0555198657954902,0.148343529223014,0.00139116817316579,-0.0247822177687285,0.032325205343959,-0.0165726131478986,-0.0380323355142557,-0.0979736553845316,0.00332547261097164,0.0338195517323098,-0.0150647363664885,0.050349711494139,0.0575917723922393,-0.000993862967608863,0.100304387562872,-0.0279000701497134,0.00572309316540623,NA,-0.01601129640077,0.00937660494533323,-0.0203402418962534,0.0949242203719362,0.10393993316347,0.0650601919758201,-0.0468739859988561,-0.0632802033987919,-0.0350939820946741,-0.00519647495397044,-0.0285928841258966,-0.0443871836830505,0.0517844984649899,0.0696654073310281,-0.0516486391665053,-0.0272436517964628,-0.00805323283801038,-0.018899118482413
"BsmtQual",0.0284245165004035,NA,-0.0723355375194995,-0.21155682102106,0.014612526091371,0.00708507554128853,-0.629379114364113,0.164996455654605,-0.602797005129999,-0.515013297998041,NA,0.565558093996355,-0.0192973956692879,1,0.633713412527564,0.39933911653424,0.400688717344141,-0.304607354030673,0.0309910503302002,-0.257157718268744,-0.564298774429275,0.397168986007378,0.289954482312851,-0.293598014603787,-0.140986925255782,0.0557748720047338,-0.327955626155363,-0.223495182162965,0.0133615596591872,-0.371242959339834,-0.229560645881653,0.0399126708698652,0.277731204138603,0.51093804041682,-0.185845829725956,0.134648830172907,-0.229634935265011,0.307337038049082,NA,0.485183975151422,-0.449194435712512,-0.406109060239832,0.182236239437425,0.192805110497629,0.257779830828287,-0.252702545160313,-0.253998866082741,0.181532575781722,-0.00809681523218209,-0.034395809278972,-0.0264148490260059,0.0333716422403259,-0.148641309147171,0.044403693877011,-0.015662490558868,0.0214608729815488,-0.58520719917252
"BsmtCond",-0.0100854201622057,NA,-0.0313491868209727,-0.108252205210035,-0.00308622876078699,-0.026608375497924,-0.268758559074477,-0.132360804422872,-0.183114614506478,-0.188026740509277,NA,0.185045834352531,0.144756315873764,0.633713412527564,1,0.255687476482705,0.238626352987696,-0.165801362319671,-0.0819043734647594,-0.168821046737941,-0.372529968476166,0.17179706457167,0.245041904640438,-0.053216717349539,-0.0571770592497346,0.0336417249168557,-0.0835360932273715,-0.156464626104293,-0.0648113809365683,-0.0420927801766875,-0.134213907092461,-0.00199583597603273,0.268023618335966,0.18253544176676,-0.0245848450946669,0.143092876910685,-0.102507061846143,0.115439258936527,NA,0.183516177788683,-0.142643715042802,-0.141331678504651,0.128743850621116,0.144617276840794,0.200811897884573,-0.124174276185627,-0.0967053479007337,0.0411953873205485,0.00914932922461497,-0.0393113199328655,-0.00809767467976696,0.00752055686231144,0.0172586253135972,0.0232401571863981,-0.02506024197227,0.0602885069647519,-0.212607156485579
"BsmtExposure",-0.017319964191731,NA,-0.2288299588753,-0.183539928800914,0.0154608174037804,-0.261882558540753,-0.296516841233198,0.0567315016976151,-0.289622886413225,-0.221404535903568,NA,0.249100625117382,0.00571293421603763,0.39933911653424,0.255687476482705,1,0.34533050941488,-0.369114791286023,-0.0946581809404306,0.0350125399945816,-0.383291122085018,0.150851879328269,0.158113243810381,-0.304856348970507,0.106577442761361,0.0579747691495046,-0.130377331345541,-0.338672076834105,-0.0781799479863351,-0.0992325371782297,0.0347907638305942,0.115805839797721,0.121960616778857,0.254706831056188,-0.0267125211979843,0.0726679115018408,-0.18629073472854,0.16690233895138,NA,0.251366557623976,-0.252830092297006,-0.256818847725129,0.0768777997082605,0.0720997982089688,0.115508186429563,-0.248128858655723,-0.0865900999128067,0.0945320695263481,0.0158536168346227,-0.0422068224810389,-0.0421902992121687,0.0535813969539206,-0.0711671035603611,0.0172812566174288,-0.0199114535916072,0.0640597586733713,-0.374696221000887
"BsmtFinType1",0.0106015360871458,NA,-0.0295437940455306,-0.107629105668608,-0.0363379802119041,-0.0259694419765644,-0.331757630283972,0.11573329977957,-0.369042351096012,-0.27250550294261,NA,0.315855239095401,-0.000139551329493541,0.400688717344141,0.238626352987696,0.34533050941488,1,-0.559131528544355,-0.025943984200737,0.25761059975409,-0.3313715788103,0.229740574767229,0.152082000441101,-0.22394313725641,0.0241186303080528,0.0345634668509952,-0.141517405787673,-0.480960416338027,-0.0350121684489328,-0.128687347815152,-0.0396824142437719,0.124649791586197,0.125087818555515,0.311711678377159,-0.021967608738172,0.126724991565248,-0.124184992397296,0.117447732146606,NA,0.276145182977064,-0.231419727187544,-0.245706691668743,0.132041905745505,0.129552584445918,0.179651424374542,-0.153312124434931,-0.121288057174277,0.115209850219379,-0.0441161876145316,-0.00789260191810089,-0.0106417248705648,0.0316671408717518,-0.0606785252505956,-0.0117563934998744,0.00768038905637213,-0.0577589488069713,-0.362432161560546
"BsmtFinSF1",-0.00502404904166103,NA,0.214103130705577,0.157718009246914,-0.0191001595880785,0.113834194499089,0.239665966178891,-0.046230855918225,0.249503196684798,0.128450547128289,NA,-0.203777499938238,-0.0409188089584797,-0.304607354030673,-0.165801362319671,-0.369114791286023,-0.559131528544355,1,-0.050117400047151,-0.495251469257012,0.522396051992386,-0.0856720912709445,-0.163556627013535,0.445862656092005,-0.137078986080054,-0.0645025969214685,0.208171130145327,0.649211753574265,0.0674184779101171,0.0585431368615953,0.00426242438448692,-0.10735467682307,-0.0810068507785746,-0.228414742051271,0.0443156239129207,-0.0605688118161139,0.260010920235041,-0.179991226224739,NA,-0.251421466756472,0.224053522393991,0.296970385344513,-0.137137874331939,-0.138174503613426,-0.189545386024203,0.204306145237403,0.111760613356751,-0.102303305500732,0.026450506189899,0.06202062266535,0.140491286254957,-0.177110150143475,0.0181198424816397,0.00357147347495471,-0.0157269482621547,0.0143589223939124,0.386419806242153
"BsmtFinSF2",-0.00596767196028162,NA,0.111169745496249,0.0604194516297932,0.0499126174629669,0.0855183846962381,-0.0591186926706898,0.0402291698997676,-0.0491068311962394,-0.0677585135659862,NA,0.0762362478234608,-0.0604289117815006,0.0309910503302002,-0.0819043734647594,-0.0946581809404306,-0.025943984200737,-0.050117400047151,1,-0.209294492419945,0.104809537606368,0.0745350515510906,-0.0287316286197047,0.0971174484566702,-0.0992603160226442,0.0148069979468337,-0.00963989155180544,0.158678060781701,0.0709481336559043,-0.0764438619651826,-0.0321478374689658,-0.015728113626581,-0.0407512364484074,0.0450907727564832,-0.0352265479475233,0.114488202463462,0.0469207088260121,-0.00151818389314346,NA,0.0127963332209784,-0.0382635128692515,-0.0182265919073165,-0.0527971807395482,-0.0443610756963151,-0.0639402759464441,0.0678983264136122,0.00309256220989437,0.0365433394482101,-0.029993397993921,0.0888712513733905,0.0417090546813336,-0.0145240123598063,-0.115273637695685,0.00493978122843771,-0.0152107379720066,0.0317056369848867,-0.0113781214502151
"BsmtUnfSF",-0.00793970335771727,NA,-0.00261835995009541,0.0141788984367829,-0.0126386044645226,-0.116456493668159,0.308158926905643,-0.136840569893523,0.1490403919544,0.181133087050169,NA,-0.284704712286623,0.0701282003243842,-0.257157718268744,-0.168821046737941,0.0350125399945816,0.25761059975409,-0.495251469257012,-0.209294492419945,1,0.415359605181589,-0.202560868086988,-0.00341204304542074,0.317987438352726,0.00446909214454242,0.0281666881327412,0.240257268349935,-0.422900477383213,-0.0958042881524831,0.288886055486911,-0.0411175301445517,0.166643316986963,0.0300858683140001,-0.210224818788775,0.250647061376249,-0.0181146831624501,0.0515748822895419,-0.158785723590339,NA,-0.114008833140611,0.214175189750217,0.183302697742584,-0.0111140416776344,-0.0164947825751352,0.0101532611749855,-0.00531642433306202,0.129005414615421,-0.00253785458975155,0.0207640056965479,-0.0125792734442568,-0.035092240793658,0.0279245354150226,0.132024648322213,-0.0238366451345078,0.0348884430090821,-0.0412581949387617,0.214479105546969
"TotalBsmtSF",-0.015414566107911,NA,0.260833134545157,0.200469168453925,-0.0142333828554742,0.0324980011369139,0.537808498612391,-0.171097514624922,0.391452002066095,0.291065582604166,NA,-0.470579556442923,0.00587181295353065,-0.564298774429275,-0.372529968476166,-0.383291122085018,-0.3313715788103,0.522396051992386,0.104809537606368,0.415359605181589,1,-0.265681505322065,-0.184042671312505,0.819529975005033,-0.17451195013496,-0.0332453873474564,0.454868202547903,0.307350553735504,-0.000314581819833756,0.32372241360665,-0.0488037386352125,0.0504499555126782,-0.0689006426420166,-0.432629619750103,0.285572563725795,-0.0391161100762146,0.339519323898656,-0.34761540992354,NA,-0.371514277815874,0.434584834291689,0.486665463773796,-0.173183339679362,-0.17657848858651,-0.210345513868777,0.232018609129018,0.247263746288108,-0.0954777367064078,0.0373837272630049,0.0844889859143115,0.126053132100838,-0.161346742500851,0.109426288801533,-0.0184789224314721,0.0131961786167785,-0.014968648018751,0.613580551559196
"HeatingQC",0.0150012676530366,NA,-0.00358110941623877,-0.119555858860398,0.00396331679858117,0.0574441109933845,-0.457082548286609,0.0141047047857786,-0.448855173796603,-0.550017286577462,NA,0.520026654079939,0.0555198657954902,0.397168986007378,0.17179706457167,0.150851879328269,0.229740574767229,-0.0856720912709445,0.0745350515510906,-0.202560868086988,-0.265681505322065,1,0.197868614685241,-0.189887809993535,-0.141900535818281,0.0317041443076482,-0.254643881921912,-0.0837348104368365,0.0424771827846023,-0.333498851435705,-0.116236793857312,0.026869061704989,0.171416057630618,0.504228249571099,-0.1649044070251,0.0583518127388647,-0.129688870664156,0.207500331792259,NA,0.392244455650695,-0.325346957351811,-0.295462334535133,0.145477208119686,0.155347893981212,0.157502220628285,-0.130860235679372,-0.175488599764594,0.101742959513804,-0.0596507615627257,0.0349229041252754,0.0476291724310558,-0.0166590802795722,-0.180254484617906,0.0268724445581254,-0.0155233658663141,0.00964908162349099,-0.427648707398804
"Electrical",-0.0495253120819163,NA,-0.0480152260278535,-0.0902525658206509,0.0601089783415901,-0.000223588378125153,-0.246728726506297,-0.0899782158234518,-0.317941404905336,-0.335918205723612,NA,0.217789807231722,0.148343529223014,0.289954482312851,0.245041904640438,0.158113243810381,0.152082000441101,-0.163556627013535,-0.0287316286197047,-0.00341204304542074,-0.184042671312505,0.197868614685241,1,-0.126459693298935,-0.0413169031944089,0.0204737488539716,-0.125462862620412,-0.12770715952278,-0.0241644729036358,-0.170020301634195,-0.121802161474279,-0.04442382135524,0.172537284716636,0.248727991547031,-0.0721940081100051,0.0728922233290617,-0.130811619138506,0.149268704177587,NA,0.232166463971203,-0.233060861012288,-0.225090981678978,0.184549406867112,0.194658451042604,0.262913681762377,-0.148095851974352,-0.10675156166591,0.146737739463639,-0.0135661400344257,-0.0163250553473498,-0.0195473676999574,0.0181542351489317,0.0192097979391893,-0.0226222642333305,-0.00577377741096463,-0.0363929445605033,-0.23329828968948
"X1stFlrSF",0.010496040954083,NA,0.299474578507763,0.189251413035684,0.0122870149462196,0.0683229050049738,0.476223829078177,-0.144202784049059,0.281985858699801,0.240379267603555,NA,-0.397835374861064,0.00139116817316579,-0.293598014603787,-0.053216717349539,-0.304856348970507,-0.22394313725641,0.445862656092005,0.0971174484566702,0.317987438352726,0.819529975005033,-0.189887809993535,-0.126459693298935,1,-0.202646181002321,-0.0142406726664311,0.566023968935748,0.24467110424771,0.00195565358204875,0.380637494973507,-0.119915908793962,0.127400749392364,0.0681005881769132,-0.387027287055185,0.409515978866832,0.0774562930172565,0.410531084659847,-0.407887438490446,NA,-0.334138532685459,0.43931680799067,0.489781654104192,-0.17662998655636,-0.17154606339799,-0.163411908931566,0.235458622783698,0.211671225497984,-0.0652917009103091,0.0561043744848752,0.0887580726201567,0.131524975640283,-0.155089292771168,0.0700809743119683,-0.0210957194631223,0.0313715603520792,-0.0136037705046484,0.605852184691915
"X2ndFlrSF",0.00558984888615865,NA,0.0509859482934938,0.0893797039644242,-0.0208175032786545,-0.00925541102284888,0.295492879199709,0.0289421159658168,0.0103076595843637,0.140023778804865,NA,-0.179530323730289,-0.0247822177687285,-0.140986925255782,-0.0571770592497346,0.106577442761361,0.0241186303080528,-0.137078986080054,-0.0992603160226442,0.00446909214454242,-0.17451195013496,-0.141900535818281,-0.0413169031944089,-0.202646181002321,1,0.0633529501093229,0.687501064166604,-0.169493951730999,-0.0238547839370453,0.421377982875971,0.609707300271744,0.502900613345906,0.0593057526482162,-0.168809975845079,0.616422635491543,0.00503168548861128,0.194560892241324,-0.207129214715061,NA,-0.141595621919865,0.18392558307638,0.138346958571866,-0.0566819051159729,-0.0468861089245277,0.0408837403443694,0.0921654175860388,0.208026063181358,0.0619886907732521,-0.0243576484220479,0.040606447641001,0.0814868780490996,-0.10177542732878,0.0385538349138122,0.0161968746043885,0.0351644273617909,-0.0286999139352855,0.319333802832068
"LowQualFinSF",-0.0442299580865914,NA,0.00477896986634955,-0.00797251258430183,-0.0031479479838519,0.0138878067467389,-0.030429283979605,0.0254943199142137,-0.183784344373722,-0.0624191000783331,NA,0.0630615673258409,0.032325205343959,0.0557748720047338,0.0336417249168557,0.0579747691495046,0.0345634668509952,-0.0645025969214685,0.0148069979468337,0.0281666881327412,-0.0332453873474564,0.0317041443076482,0.0204737488539716,-0.0142406726664311,0.0633529501093229,1,0.134682813006601,-0.0471434218982592,-0.00584150481931166,-0.000709509620673192,-0.0270800493171695,0.105606568540905,0.00752174434423394,0.0475676296698798,0.131184775989548,0.0760635457746756,-0.0212721434139388,0.0237390270481046,NA,0.11267296261444,-0.0944795201559328,-0.0676014132395222,0.114541882729181,0.12781017127414,0.0655047317382864,-0.0254436479887911,0.0182510390539991,0.0610812377712269,-0.00429561041030011,0.0267994130217725,0.0621573722691894,-0.100645141465939,-0.0555830806470553,-0.00379287077999646,-0.0221739605795378,-0.0289208797822981,-0.0256061300006795
"GrLivArea",0.00827275766181023,NA,0.263116167167148,0.212741357158255,-0.00854548695398779,0.0438604672798931,0.593007430028651,-0.0796858653883382,0.199009713676458,0.287388519650333,NA,-0.435986058844899,-0.0165726131478986,-0.327955626155363,-0.0835360932273715,-0.130377331345541,-0.141517405787673,0.208171130145327,-0.00963989155180544,0.240257268349935,0.454868202547903,-0.254643881921912,-0.125462862620412,0.566023968935748,0.687501064166604,0.134682813006601,1,0.0348360495449055,-0.0189184831706347,0.630011646251115,0.415771636105265,0.521269510918995,0.100063164737755,-0.420562746814214,0.825489374308843,0.0682015390520566,0.461679133761447,-0.46994677154886,NA,-0.353021490665805,0.467247418795186,0.468997477322966,-0.166432228155039,-0.153326751270396,-0.0801953497045966,0.247432820518848,0.330223961712,0.00911321032600308,0.0206431897101864,0.101510395682086,0.170205336000562,-0.20795669514396,0.0784418814384121,-0.00241563955029365,0.0502396808182728,-0.0365258196247226,0.708624477612652
"BsmtFullBath",0.0022885556008339,NA,0.158154531060015,0.0646383827841679,-0.0214668011311253,0.116164527784252,0.111097786142302,-0.0549415154329519,0.187598549997143,0.119469879111241,NA,-0.124549808793754,-0.0380323355142557,-0.223495182162965,-0.156464626104293,-0.338672076834105,-0.480960416338027,0.649211753574265,0.158678060781701,-0.422900477383213,0.307350553735504,-0.0837348104368365,-0.12770715952278,0.24467110424771,-0.169493951730999,-0.0471434218982592,0.0348360495449055,1,-0.147870960547601,-0.0645120486313151,-0.0309049591425333,-0.150672809207956,-0.0415025464314828,-0.161721233806797,-0.0532752361233972,-0.034132251926303,0.137927708427198,-0.0776531716529006,NA,-0.154621671383709,0.131881224406194,0.179189480420231,-0.0581398086861,-0.0636312313832662,-0.115228579535775,0.175315190079722,0.0673414613769818,-0.0499106490837532,-0.000106091539983974,0.0231477257635739,0.067615556180475,-0.070673984798961,-0.0369196373044048,-0.023047024868617,-0.0253608943152599,0.067049137671407,0.227122233131494
"BsmtHalfBath",-0.0201547452155342,NA,0.0480455708882968,0.0577290295715439,0.103380474269687,0.0702991415600235,-0.0401501576699883,0.117820915081393,-0.0381618056712331,-0.0123370321277997,NA,0.0562613370010994,-0.0979736553845316,0.0133615596591872,-0.0648113809365683,-0.0781799479863351,-0.0350121684489328,0.0674184779101171,0.0709481336559043,-0.0958042881524831,-0.000314581819833756,0.0424771827846023,-0.0241644729036358,0.00195565358204875,-0.0238547839370453,-0.00584150481931166,-0.0189184831706347,-0.147870960547601,1,-0.0545358119836356,-0.0123399000522755,0.0465188483899507,-0.037944350227201,0.0301801651853713,-0.0238363412622205,-0.00124861844053615,0.0289755866462599,-0.0185022406394734,NA,0.0261191537842333,-0.0208910589968786,-0.0245355795788793,-0.0235768452559135,-0.0241410873345732,-0.0409415773469945,0.0401612232595346,-0.0253237578890577,-0.00855533386857803,0.0351136308867723,0.0321214072090834,0.020024629838517,-0.0408943910603476,-0.0202033419697282,-0.00736652454362545,0.0328727052340906,-0.0465238817740211,-0.016844154297359
"FullBath",0.00558745290735738,NA,0.126030626519644,0.184212648701059,-0.0268619168132968,-0.0469357608298134,0.550599709368254,-0.194149488749303,0.468270787172674,0.439046483872349,NA,-0.483949416044538,0.00332547261097164,-0.371242959339834,-0.0420927801766875,-0.0992325371782297,-0.128687347815152,0.0585431368615953,-0.0764438619651826,0.288886055486911,0.32372241360665,-0.333498851435705,-0.170020301634195,0.380637494973507,0.421377982875971,-0.000709509620673192,0.630011646251115,-0.0645120486313151,-0.0545358119836356,1,0.136380588749145,0.363251983023277,0.133115214196039,-0.434648015394633,0.554784253533483,-0.00285236028226559,0.243670503079912,-0.296856969190007,NA,-0.407587812419079,0.469672043267627,0.40565620845401,-0.140303319244133,-0.130782448806063,-0.129434814175467,0.187703213835828,0.259977425468249,-0.115092963461342,0.0353530165838529,-0.00810609332811185,0.0496038255840338,-0.0564792094540031,0.186693334374794,-0.0142898449708481,0.0558721289917234,-0.0196688406915234,0.560663762748446
"HalfBath",0.00678381128429781,NA,0.0142594685664319,0.116575936211453,-0.0199393536986259,0.000780656721696484,0.27345809864277,-0.0607693267615947,0.242655910241065,0.183330611718534,NA,-0.193891671150584,0.0338195517323098,-0.229560645881653,-0.134213907092461,0.0347907638305942,-0.0396824142437719,0.00426242438448692,-0.0321478374689658,-0.0411175301445517,-0.0488037386352125,-0.116236793857312,-0.121802161474279,-0.119915908793962,0.609707300271744,-0.0270800493171695,0.415771636105265,-0.0309049591425333,-0.0123399000522755,0.136380588749145,1,0.226651484150945,-0.0682625488969413,-0.180677237500616,0.343414857540918,-0.0560210926294309,0.203648508095219,-0.202184120712588,NA,-0.241030292148297,0.219178152167161,0.163549364016607,-0.115115344923802,-0.120866979735701,-0.108147775030909,0.108080302675364,0.199740147512793,-0.0953165257360899,-0.00497248841731606,0.0724258451703808,0.02238149805541,-0.0115238002308973,0.0489466485186049,0.00129014484928399,-0.00904988821265031,-0.0102686688681039,0.284107675594783
"BedroomAbvGr",0.0377185542232109,NA,0.119689908151316,0.0600275636384579,0.0042877640534885,-0.0481964028438332,0.101676356241785,0.0129800600945506,-0.0706512169047304,-0.0405809280677491,NA,0.0187285909808799,-0.0150647363664885,0.0399126708698652,-0.00199583597603273,0.115805839797721,0.124649791586197,-0.10735467682307,-0.015728113626581,0.166643316986963,0.0504499555126782,0.026869061704989,-0.04442382135524,0.127400749392364,0.502900613345906,0.105606568540905,0.521269510918995,-0.150672809207956,0.0465188483899507,0.363251983023277,0.226651484150945,1,0.198596757707134,0.0180115003144466,0.676619935742649,0.0337894815020364,0.107569680991324,-0.0941575693517029,NA,0.0116951976899825,0.086106437688353,0.0652525298988162,0.00464497982649486,0.00614498989688716,0.032227098175038,0.046853773069894,0.0938095716059144,0.0415704345195982,-0.0244777963661143,0.0442996911271347,0.0707025835654747,-0.0639739748745099,-0.0448674033710203,0.00776697199871767,0.0465438599362823,-0.0360138928337147,0.16821315430074
"KitchenAbvGr",0.00295123635772464,NA,-0.0177838705048418,-0.0948696210341563,-0.00553588932317769,-0.036467400630927,-0.183882234549221,-0.0870008554363804,-0.174800245614977,-0.149597521042746,NA,0.151235872120909,0.050349711494139,0.277731204138603,0.268023618335966,0.121960616778857,0.125087818555515,-0.0810068507785746,-0.0407512364484074,0.0300858683140001,-0.0689006426420166,0.171416057630618,0.172537284716636,0.0681005881769132,0.0593057526482162,0.00752174434423394,0.100063164737755,-0.0415025464314828,-0.037944350227201,0.133115214196039,-0.0682625488969413,0.198596757707134,1,0.172422818973424,0.256045408535949,0.043052524285889,-0.123936235296897,0.154811427965023,NA,0.193961935053972,-0.0506338924022174,-0.0644330471831442,0.163940934611322,0.181559225619968,0.170502320676196,-0.0901302726790344,-0.0700906098925859,0.0373123850329696,-0.0246003586905316,-0.0516133660614797,-0.0145251160159809,0.013489917198427,0.0477034790488747,0.0623407240043792,0.0265889072309154,0.0316872065006547,-0.135907370842141
"KitchenQual",-0.0149731346314151,NA,-0.0678635185128285,-0.157933348050445,-0.0192684521052468,0.039473535343875,-0.673330781187787,0.0267066896736355,-0.530165341082032,-0.62531605342323,NA,0.716122195503301,0.0575917723922393,0.51093804041682,0.18253544176676,0.254706831056188,0.311711678377159,-0.228414742051271,0.0450907727564832,-0.210224818788775,-0.432629619750103,0.504228249571099,0.248727991547031,-0.387027287055185,-0.168809975845079,0.0475676296698798,-0.420562746814214,-0.161721233806797,0.0301801651853713,-0.434648015394633,-0.180677237500616,0.0180115003144466,0.172422818973424,1,-0.287278543278804,0.107002904504139,-0.256408507382008,0.353805854347256,NA,0.474569770615097,-0.509809608216149,-0.489605584072754,0.238154326700485,0.232076838028671,0.213022627522804,-0.221091247142506,-0.259253883876666,0.105858906606979,-0.0223318085047017,-0.0307881265897264,-0.0623535745730074,0.0671948815076306,-0.131696594889823,0.0540948430015153,-0.0517623727791493,-0.00204654865197623,-0.659599720728662
"TotRmsAbvGrd",0.0272387244094558,NA,0.190014777625409,0.137148448004778,0.00776931046961981,-0.0337681608701452,0.427452343277989,-0.0575831661128655,0.0955891282979523,0.191739816292808,NA,-0.297902775187596,-0.000993862967608863,-0.185845829725956,-0.0245848450946669,-0.0267125211979843,-0.021967608738172,0.0443156239129207,-0.0352265479475233,0.250647061376249,0.285572563725795,-0.1649044070251,-0.0721940081100051,0.409515978866832,0.616422635491543,0.131184775989548,0.825489374308843,-0.0532752361233972,-0.0238363412622205,0.554784253533483,0.343414857540918,0.676619935742649,0.256045408535949,-0.287278543278804,1,0.0457154355283221,0.326114480177201,-0.355588777974059,NA,-0.241293015948983,0.362288570814774,0.337822120636838,-0.091250953081972,-0.0805465381091193,0.00361763001034854,0.165983883714933,0.234191587831599,0.00415129902385638,-0.0066832410109396,0.0593825995594109,0.0837573495149244,-0.0891926226226074,0.0412094999501395,0.0247628841635841,0.0369070771598445,-0.034516354302174,0.533723155582028
"Functional",0.00270135295034712,NA,0.0251278678497352,-0.0234437960588003,-0.00620583879088424,0.0951404152386615,-0.145435655553085,-0.118909031790381,-0.148791619526708,-0.072542667746467,NA,0.0883920513633819,0.100304387562872,0.134648830172907,0.143092876910685,0.0726679115018408,0.126724991565248,-0.0605688118161139,0.114488202463462,-0.0181146831624501,-0.0391161100762146,0.0583518127388647,0.0728922233290617,0.0774562930172565,0.00503168548861128,0.0760635457746756,0.0682015390520566,-0.034132251926303,-0.00124861844053615,-0.00285236028226559,-0.0560210926294309,0.0337894815020364,0.043052524285889,0.107002904504139,0.0457154355283221,1,0.013365658835562,0.0309812429361837,NA,0.122261137613694,-0.08681923653931,-0.0744585753730651,0.0811860171470769,0.0810970747680454,0.08428462093249,-0.00804646303266912,-0.0227985214463426,0.0459956069743717,-0.0177735843472324,0.0249261282277652,-0.0162829354330961,0.0151224575761136,-0.0275368361523309,0.0299478099769434,-0.0248170615615816,0.0298046194933732,-0.107618893243994
"Fireplaces",-0.0197716324423927,NA,0.271364009624543,0.202019361512649,0.0157210555355542,0.123994738383946,0.396765037952089,-0.0238199777616622,0.147716399412456,0.112581318439476,NA,-0.249334611387108,-0.0279000701497134,-0.229634935265011,-0.102507061846143,-0.18629073472854,-0.124184992397296,0.260010920235041,0.0469207088260121,0.0515748822895419,0.339519323898656,-0.129688870664156,-0.130811619138506,0.410531084659847,0.194560892241324,-0.0212721434139388,0.461679133761447,0.137927708427198,0.0289755866462599,0.243670503079912,0.203648508095219,0.107569680991324,-0.123936235296897,-0.256408507382008,0.326114480177201,0.013365658835562,1,-0.863241235888452,NA,-0.324375938844325,0.300788766301356,0.269141238073872,-0.208556499497709,-0.198003024576629,-0.140731946453132,0.200018795759024,0.169405327131202,-0.0248218685370685,0.0112572389927749,0.184530269516849,0.0950735220361988,-0.0956214443970937,0.0250236990537986,0.00140860544304517,0.0463571024977197,-0.0240955649806993,0.466928836751528
"FireplaceQu",-0.00175999615136945,NA,-0.185332150761069,-0.193111669410482,-0.031450176427292,-0.051921787240796,-0.490787817978074,0.0568987678396101,-0.224545144903118,-0.196103290284384,NA,0.361798001249156,0.00572309316540623,0.307337038049082,0.115439258936527,0.16690233895138,0.117447732146606,-0.179991226224739,-0.00151818389314346,-0.158785723590339,-0.34761540992354,0.207500331792259,0.149268704177587,-0.407887438490446,-0.207129214715061,0.0237390270481046,-0.46994677154886,-0.0776531716529006,-0.0185022406394734,-0.296856969190007,-0.202184120712588,-0.0941575693517029,0.154811427965023,0.353805854347256,-0.355588777974059,0.0309812429361837,-0.863241235888452,1,NA,0.394891132834706,-0.370033904526075,-0.327973315217765,0.22179677739852,0.210507164608139,0.14658344992277,-0.218663820694903,-0.168111179587088,0.042696668735388,-0.0357926894280565,-0.150002041132812,-0.0487372633828251,0.0543803679727545,-0.0731328970745305,0.0208715845878554,-0.0544700953390759,0.0512929635758081,-0.520437605950402
"GarageYrBlt",NA,NA,NA,NA,NA,NA,NA,NA,NA,NA,NA,NA,NA,NA,NA,NA,NA,NA,NA,NA,NA,NA,NA,NA,NA,NA,NA,NA,NA,NA,NA,NA,NA,NA,NA,NA,NA,NA,1,NA,NA,NA,NA,NA,NA,NA,NA,NA,NA,NA,NA,NA,NA,NA,NA,NA,NA
"GarageFinish",-0.0138208557707,NA,-0.124756099788713,-0.236526889181598,-0.0083377166498055,0.0253828807495849,-0.556863446059058,0.171245002116997,-0.595781439048724,-0.444541232154207,NA,0.519054175445095,-0.01601129640077,0.485183975151422,0.183516177788683,0.251366557623976,0.276145182977064,-0.251421466756472,0.0127963332209784,-0.114008833140611,-0.371514277815874,0.392244455650695,0.232166463971203,-0.334138532685459,-0.141595621919865,0.11267296261444,-0.353021490665805,-0.154621671383709,0.0261191537842333,-0.407587812419079,-0.241030292148297,0.0116951976899825,0.193961935053972,0.474569770615097,-0.241293015948983,0.122261137613694,-0.324375938844325,0.394891132834706,NA,1,-0.579729006851133,-0.516427895968198,0.482399254201898,0.481812879874007,0.289556068565462,-0.251528941121136,-0.202473221740371,0.187663204121948,-0.0346420941981348,-0.0410742326702241,-0.0287742365975707,0.0316034774199379,-0.137801889774797,0.00335161515859677,0.000682626393378588,-0.00146683626474703,-0.549246756333213
